0 3 0.15 3500
1 0 0.0 3500
2 0 0.0 3500
3 0 0.0 3500
4 8 0.4 3500
5 0 0.0 3500
6 0 0.0 3500
7 0 0.0 3500
8 13 0.6499999999999999 3500
9 5 0.25 3500
10 0 0.0 3500
11 15 0.75 3500
12 0 0.0 3500
13 0 0.0 3500
14 0 0.0 3500
15 5 0.25 3500
16 14 0.7000000000000001 3500
17 0 0.0 3500
18 0 0.0 3500
19 0 0.0 3500
20 15 0.75 3500
21 5 0.25 3500
22 4 0.2 3500
23 0 0.0 3500
24 0 0.0 3500
25 1515 75.75 3500
26 1515 75.75 3500
27 1491 74.55000000000001 3500
28 1488 74.4 3500
29 1488 74.4 3500
30 1512 75.6 3500
31 1506 75.30000000000001 3500
32 1498 74.9 3500
33 1500 75.0 3500
34 1507 75.35 3500
35 1494 74.7 3500
36 1485 74.25 3500
37 1492 74.60000000000001 3500
38 1492 74.60000000000001 3500
39 1488 74.4 3500
40 1487 74.35000000000001 3500
41 1498 74.9 3500
42 1509 75.44999999999999 3500
43 1498 74.9 3500
44 1501 75.05000000000001 3500
45 1500 75.0 3500
46 1511 75.55 3500
47 1498 74.9 3500
48 1485 74.25 3500
49 1503 75.14999999999999 3500
50 1505 75.24999999999999 3500
51 1494 74.7 3500
52 1501 75.05000000000001 3500
53 1491 74.55000000000001 3500
54 1490 74.5 3500
55 1498 74.9 3500
56 1489 74.45 3500
57 1487 74.35000000000001 3500
58 1504 75.2 3500
59 1501 75.05000000000001 3500
60 1500 75.0 3500
61 1487 74.35000000000001 3500
62 1503 75.14999999999999 3500
63 1493 74.65 3500
64 1515 75.75 3500
65 1491 74.55000000000001 3500
66 1501 75.05000000000001 3500
67 1486 74.3 3500
68 1488 74.4 3500
69 1505 75.24999999999999 3500
70 1499 74.95 3500
71 1486 74.3 3500
72 1498 74.9 3500
73 1488 74.4 3500
74 1496 74.8 3500
75 1256 62.80000000000001 3500
76 1256 62.80000000000001 3500
77 1237 61.85000000000001 3500
78 1259 62.949999999999996 3500
79 1257 62.849999999999994 3500
80 1254 62.7 3500
81 1238 61.90000000000001 3500
82 1258 62.9 3500
83 1250 62.5 3500
84 1242 62.09999999999999 3500
85 1263 63.14999999999999 3500
86 1250 62.5 3500
87 1258 62.9 3500
88 1257 62.849999999999994 3500
89 1256 62.80000000000001 3500
90 1241 62.050000000000004 3500
91 1241 62.050000000000004 3500
92 1254 62.7 3500
93 1250 62.5 3500
94 1257 62.849999999999994 3500
95 1265 63.24999999999999 3500
96 1251 62.550000000000004 3500
97 1261 63.05 3500
98 1258 62.9 3500
99 1247 62.349999999999994 3500
